# Created by Octave 5.1.0, Fri Mar 15 16:06:01 2019 GMT <unknown@TARS>
# name: prices10
# type: matrix
# rows: 10
# columns: 1
 399900
 329900
 369000
 232000
 539900
 299900
 314900
 198999
 212000
 242500


